# Fix print output for fix def1
0 -0.0634011939608373 -0.0616046174358501 -0.202122886255336
-0.000999999999999896 -0.213594449266091 0.252106706555558 0.193540807995424
-0.00199999999999999 -0.603208584901655 -0.0241524298018026 -0.179698464520285
-0.00299999999999989 -0.361965867085659 -0.00684738272030017 0.0547690219884971
-0.00399999999999998 -0.644621496408684 -0.118716700621442 -0.0489396432952047
-0.00499999999999988 -0.669456097228614 0.0297842390568018 -0.109337523574064
-0.00599999999999997 -0.620563766662739 0.0338842880054636 -0.0415153300954716
-0.00699999999999986 -0.759364657669565 -0.0445217598048403 0.0825428416016752
-0.00799999999999996 -0.808815434490378 -0.117033834834309 -0.0804536950876562
-0.00899999999999986 -0.742417799142563 0.107039489670069 0.148085944840338
-0.00999999999999995 -1.22015763210975 -0.181466129553234 0.00293820411571702
-0.011 -0.961411122959379 0.0592241917933517 0.0527141787012187
-0.0119999999999999 -0.939777885947254 0.00559791551643484 0.0115494826733433
-0.0129999999999998 -1.06940925439213 -0.053418349926167 -0.00700503246195465
-0.0139999999999999 -1.0211452620925 0.00900047254584917 0.168716585406608
-0.015 -1.25319532521858 -0.0466537908372929 -0.194482053128544
-0.0159999999999999 -1.27526778504971 0.247290761731875 -0.0661346325515375
-0.017 -1.30182557969546 -0.0618280991440458 -0.024447041969136
-0.0179999999999999 -1.30248910276009 0.0047916235075274 0.0885507619344144
-0.019 -1.2506876011971 0.0298022447079099 0.0682340749330711
-0.0199999999999999 -1.46247197422419 0.0081883559301742 -0.00583746690102857
-0.021 -1.5855249031003 0.0778090066374732 -0.201387639464689
-0.0219999999999999 -1.65314570912859 -0.0275638359217848 0.144962511047516
-0.023 -1.93145211846674 -0.139381465124801 -0.0567263119709766
-0.0239999999999999 -1.55879029253402 0.129326475878867 0.0774109146211511
-0.025 -1.80248291777287 -0.243468838678766 -0.106208294115799
-0.0259999999999999 -1.69228353497168 0.307123898196356 0.20455436108447
-0.027 -2.19246700197293 -0.290765490424638 -0.212665351731448
-0.0279999999999999 -1.75659527594361 0.149105102239346 0.143815813124253
-0.0289999999999999 -2.16983246307897 -0.196790904914813 -0.13411149411276
-0.03 -1.71241661993968 0.0779632367619552 0.259648000353356
-0.0309999999999999 -2.04955376919476 -0.193025013039793 -0.0669053729340208
-0.0319999999999998 -2.15693058589529 0.110366847319934 0.109907287522931
-0.0329999999999999 -2.26531290337016 0.115531918247729 -0.126819369866261
-0.034 -2.28375013024444 0.080924921073902 0.11139960534197
-0.0349999999999999 -2.20269866483792 -0.0385526285841945 0.0814818426561011
-0.036 -2.1764651597933 0.0473133281147502 0.0235456103348912
-0.0369999999999999 -2.23491784180581 -0.188734476080768 -0.0778314630151517
-0.038 -2.5005526567338 0.0952463823090234 -0.00961570027301393
-0.0389999999999999 -2.65456842494203 -0.0792304031831677 -0.0345797902291978
-0.04 -2.43041981413534 0.140729012935867 0.0761110654599701
-0.0409999999999999 -2.63702594442946 -0.152461289183328 -0.0287004750819733
-0.042 -2.51209780527081 -0.00536365256423782 0.0848495865351458
-0.0429999999999999 -2.59730282353511 -0.0338994322494683 -0.162976753422303
-0.044 -2.65569908520879 -0.117792508790426 0.112253714422516
-0.0449999999999999 -2.97156553566316 0.163883442307592 -0.152937680447672
-0.046 -3.04389045019391 -0.0813263875826676 0.109612001442147
-0.0469999999999999 -2.96775202832385 -0.0342559506508613 0.00372883775897931
-0.048 -2.9712413251049 0.0413781949254668 -0.127005644353475
-0.049 -3.01802598348035 0.00101047020598831 0.0319114919532995
-0.0499999999999999 -3.04829250802929 -0.0786913528680399 0.104683937245652
-0.051 -2.75114025818472 0.102571164170264 -0.073649990724838
-0.0519999999999999 -2.63075810456302 0.214039015724758 -0.0594466758299845
-0.053 -2.92730069219707 -0.259061392288951 -0.0791021660858262
-0.0539999999999999 -2.74660536540207 0.0659239744910418 0.215814613085814
-0.055 -2.91403143546127 -0.187882085908101 -0.0528784000184148
-0.0559999999999999 -2.7965364483733 0.250761608655307 -0.0179421525410217
-0.057 -2.82219002299297 -0.116173006658643 -0.0459956019763131
-0.0579999999999999 -2.89485900631667 0.0919898995969891 -0.0351346421256951
-0.059 -2.71193815043521 -0.067730488326597 0.05752344693995
-0.0599999999999999 -2.66385473151997 -0.0474586294643191 0.221713415328094
-0.061 -2.65301558240632 -0.064309184571983 -0.215818208807941
-0.0619999999999999 -2.47074011138879 0.152266458487889 0.0434540910774837
-0.063 -2.79184761418629 -0.110424000234985 -0.0759577120716452
-0.0640000000000001 -2.62248429206516 -0.0911419723187927 0.198049491592807
-0.065 -2.59998582553065 -0.0640956980534887 -0.108744833625485
-0.0660000000000001 -2.47882251914814 0.0986333430811778 0.132180790777188
-0.0669999999999999 -2.66705226711722 -0.108222684652071 -0.077848523768777
-0.068 -2.59641376383745 0.188451377632071 -0.0631925669870848
-0.0689999999999999 -2.75540543312311 -0.124407778523243 0.00332837654040422
-0.07 -2.68335051478725 -0.017447961155139 0.108045413807651
-0.0709999999999999 -2.66864230139703 -0.0661901853610188 -0.0311666840141894
-0.072 -2.5710066438313 0.0263575871686396 0.0888212034028899
-0.0729999999999999 -2.74076962701553 0.131787243541411 -0.130395429684421
-0.074 -2.45648200743729 -0.200161465613968 -0.0503373571872413
-0.0749999999999999 -2.53904942339425 0.0543466379981757 0.0706895409746269
-0.076 -2.48493205442735 -0.175801214109346 0.0139325917995618
-0.0769999999999999 -2.42909343853896 0.105431280243261 -0.121291345298806
-0.078 -2.35437479561336 -0.156836785721139 0.109750195579021
-0.0789999999999999 -2.31717960178774 0.0616439185736992 -0.110017212373618
-0.08 -2.43347415794772 0.0493711043201898 -0.0497804807932714
-0.0809999999999999 -2.45080485349373 -0.0660897893089982 -0.0473786869477246
-0.082 -2.54248058148995 0.0946867621650596 0.13050487185264
-0.0830000000000001 -2.56878994359717 -0.0178081229694482 -0.298945211470616
-0.084 -2.42010524851361 -0.0374916148129103 0.193408373741171
-0.0850000000000001 -2.6119088472619 -0.190145668621238 -0.0402925114632809
-0.086 -2.29485763363988 0.13539801247194 -0.0980095840451057
-0.087 -2.37928248320199 -0.103872722602677 0.0670425806265009
-0.0879999999999999 -2.36535606973338 -0.0524728097969575 0.0707268978262181
-0.089 -2.2473206334666 0.0289405305310704 0.00871171798407946
-0.0899999999999999 -2.12391822157812 -0.0499381126276471 0.0411448801107891
-0.091 -2.34880506874044 -0.0515899300027206 0.0670384435719078
-0.0919999999999999 -2.65803879442307 -0.00069123567953049 0.107145660423757
-0.093 -2.46867750540583 -0.0167733904163853 -0.0934753842541026
-0.0939999999999999 -2.30943689866116 0.0519388002838727 0.035550247388649
-0.095 -2.53745002713833 0.0831536912220174 -0.0729913276855446
-0.0959999999999999 -2.41197151232584 -0.20586040004343 0.110559487950263
-0.097 -2.42291270308739 -0.0670390605095389 -0.0359119781148669
-0.0979999999999999 -2.57177272732715 0.0743540514357514 -0.0729366018422193
-0.099 -2.41272085135167 -0.0774659949692947 0.0454334435096107
-0.0999999999999999 -2.28491696055613 0.0136841090690169 0.126293510743672
-0.101 -2.34013362883056 -0.133152928610453 -0.184809712332203
-0.102 -2.22635760020746 0.173239760185505 0.16186168826097
-0.103 -2.59296686278257 -0.136838577685815 -0.275392312537156
-0.104 -2.23648216579578 -0.156521372955902 0.238463848863813
-0.105 -2.53643440759054 0.00223529975056289 -0.115294964591641
-0.106 -2.5512736948336 0.00537338074201557 -0.018612457783995
-0.107 -2.23942825956305 -0.0432160587068195 0.117901628497885
-0.108 -2.55184221781251 0.038794856918677 0.06811784490643
-0.109 -2.59510215627403 -0.0843464739481076 -0.147162105864008
-0.11 -2.43759575558035 0.0313486299038553 0.0302545292049815
-0.111 -2.42348458404611 -0.0655257324102843 0.0684379010601056
-0.112 -2.42937730458412 0.0213463634228378 0.0145737956402466
-0.113 -2.71320959389693 -0.120359782939282 -0.0375395231096273
-0.114 -2.54181665581263 0.0951634786284948 0.00763148482919794
-0.115 -2.59634302616983 -0.159389805154883 0.000526651671337668
-0.116 -2.5826027093138 0.0205629834257261 0.125520342939432
-0.117 -2.51056209642173 -0.056005404904602 -0.0612690357018075
-0.118 -2.34073978876468 0.146256560154245 0.0948359616433278
-0.119 -2.58130736438732 -0.149010671944752 -0.132579285710576
-0.12 -2.60683036210244 0.0163333047436001 -0.0592485764414996
-0.121 -2.74266283220582 -0.113394531211658 -0.0634935526659567
-0.122 -2.64807901140254 -0.0926460186034465 0.114788123452958
-0.123 -2.56613556776211 0.00926617403508166 -0.187420541257353
-0.124 -2.61454260334023 0.0658252234981813 0.0579294258857766
-0.125 -2.70529876893366 -0.215114723695903 -0.0736514998577447
-0.126 -2.73343619683254 0.127424900734856 0.119224686228419
-0.127 -2.75782316446466 -0.0965883205551962 -0.133812549485296
-0.128 -2.59187691862504 0.0808557271661089 0.0802197902285268
-0.129 -2.68630033593101 -0.25593248093629 -0.0282628227646279
-0.13 -2.50748117482854 0.0915768463658521 0.0228784888945371
-0.131 -2.56820583832639 -0.0537202139731834 -0.031075686427843
-0.132 -2.54692467754774 0.11814208010181 -0.0935541436657448
-0.133 -2.58945299332577 -0.0347631090119385 0.132041468310777
-0.134 -2.72332136200848 0.155086204938149 0.0662454064712544
-0.135 -2.83076941999611 -0.176010101236645 0.160912091931117
-0.136 -2.72933392122141 0.0481586332414044 -0.16057132695751
-0.137 -2.58256763302361 0.0684590078183819 0.0739460848451014
-0.138 -2.76095273621136 -0.0299381050487365 -0.0979393945318592
-0.139 -2.96219270387649 -0.0927155858527059 0.0360526980218122
-0.14 -2.8705453361117 0.0698853442184459 0.0856136798876607
-0.141 -2.80590413159424 0.0675289371215947 -0.103838081086122
-0.142 -2.65196450440884 0.0275526969104031 -0.0507571794072912
-0.143 -2.60066066271191 0.0991101423704274 0.0744660458321169
-0.144 -2.59428280081107 -0.213226121161683 -0.113659771387662
-0.145 -2.42761471297404 0.148574096648495 0.0313390732795428
-0.146 -2.40364246947432 -0.129834843767267 -0.0158282125110106
-0.147 -2.50050597211384 0.16819414918951 0.161903448209479
-0.148 -2.44247953644328 -0.128653180194527 -0.101416910928473
-0.149 -2.19229907934525 -0.105269312920897 0.0499919108209599
-0.15 -2.24411070049802 0.0905792328742356 -0.0493502871336548
-0.151 -2.23881201097734 -0.145590448486763 -0.0107512154544446
-0.152 -2.37316062814728 0.0209686082449394 0.108656477097221
-0.153 -2.0883408793782 -0.0794413313837555 0.00127131036600196
-0.154 -2.25718989543109 0.0615926903445692 -0.0402217066495843
-0.155 -2.23266499966141 -0.0115752970520099 -0.0473134825963579
-0.156 -2.26808238505205 0.000886287830400939 0.101016215364928
-0.157 -2.40961227341117 -0.135420435650263 0.0233669194211918
-0.158 -2.1178099194909 -0.0269800374946771 0.136532599005684
-0.159 -2.15123619587734 -0.0689326109404319 -0.0472991146543977
-0.16 -2.23543834328418 -0.027543466275308 -0.0931138765873292
-0.161 -2.13042620888053 -0.0227475986597991 0.0220268274243883
-0.162 -2.08567473970978 -0.0529219484486604 -0.103829726616367
-0.163 -1.95386578828249 0.0188326415505128 0.0154763826540857
-0.164 -2.14794654642352 -0.0985479778455815 0.140574170310131
-0.165 -2.20020685257575 -0.00168235996387393 -0.230457259759413
-0.166 -1.88373600535795 0.137533459879639 0.0753637445910186
-0.167 -2.28975271413395 -0.31877715401377 -0.0628832024599698
-0.168 -2.02336924839617 0.266713821090148 0.105511632508777
-0.169 -2.05903128809697 -0.0720736456882986 -0.0823548203448695
-0.17 -1.85337033501052 -0.0910510898098932 0.225674249267078
-0.171 -1.85551940447122 0.167717415789056 -0.154276887555981
-0.172 -2.25101241035482 -0.137840984607914 0.110305508203521
-0.173 -2.31176157586729 -0.00496195691911259 0.0625456149857093
-0.174 -2.15997061785106 0.0199343615403776 -0.0838559355909927
-0.175 -2.43639441540925 0.0282423693184116 0.0541573614153514
-0.176 -2.12663175061237 -0.011943842543685 -0.00964669940110009
-0.177 -2.07520751102514 -0.0993881239422273 -0.0329737834148883
-0.178 -1.78105813885352 0.0853295066875287 0.0655523064892529
-0.179 -1.89170356713928 -0.00310071071341855 -0.0795049920951751
-0.18 -2.05129170860661 0.017128483826423 -0.0745983448322296
-0.181 -2.29352345076302 0.0302565573493798 -0.0754699758429935
-0.182 -2.25484046265181 -0.057027970947007 0.128713259267322
-0.183 -2.20211264045169 -0.0849853349124643 -0.112018258089447
-0.184 -2.0318858074372 0.127621468766441 -0.187822913108638
-0.185 -2.17611796314931 -0.0245351862827539 0.0135197292266337
-0.186 -2.45131574247752 -0.116071716481273 -0.0460485322725182
-0.187 -2.61297632414102 0.118441916799456 0.139836849906496
-0.188 -2.50498963376409 -0.0578042755482061 -0.0728794119887385
-0.189 -2.35849861443674 -0.0120710109854068 -0.0231127746118177
-0.19 -2.27381137122235 -0.128210322205523 0.00615644997359337
-0.191 -2.47816080125726 0.0570753823768861 -0.0828973945620986
-0.192 -2.37489067088703 0.0400781017638763 -0.112346749411941
-0.193 -2.32563533742395 0.088271314953488 -0.069342701655847
-0.194 -2.22254705406384 -0.170473269969631 0.138066578042772
-0.195 -2.33099454512026 -0.0839483992126061 -0.0425407200205186
-0.196 -2.29550150098821 0.131418460810767 -0.00849124541712612
-0.197 -2.63128490357147 0.021486171340863 -0.105627453416956
-0.198 -2.48417314235776 -0.20121820734236 0.0225067824545964
-0.199 -2.41959073334385 0.0426914038249034 0.0723694099378033
-0.2 -2.79431670161847 -0.0399169101717007 -0.21318108938699
