# Fix print output for fix def1
-5.24383850544675e-16 0.00654420470920043 0.0112769288332696 0.018429685044422
-0.00100000000000058 -0.0853550161270364 -0.0286113808397631 -0.0107775729178154
-0.00200000000000064 -0.124374846885418 0.0115339960715978 -0.000842865006458791
-0.0030000000000007 -0.222390889705878 -0.023435347074018 0.020523011668793
-0.00400000000000041 -0.275158926756612 0.0134960510227536 0.0191974250298444
-0.00500000000000046 -0.318062465445251 0.0108369767440113 0.0236688837882131
-0.00600000000000052 -0.414600723553865 -0.0111473351806081 -0.00256521836292952
-0.00700000000000058 -0.448419076774593 0.0163440397693883 -0.0110385514216854
-0.00800000000000064 -0.538586399655154 -0.0288139231630451 -0.0149058262377881
-0.00900000000000069 -0.577108111656896 0.00491197986869196 -0.00919287384215872
-0.0100000000000004 -0.657387250038436 0.0168298033470055 -0.0369791633337854
-0.0110000000000005 -0.717742108401215 -0.0198442309729003 0.0163926127143725
-0.0120000000000005 -0.759215332146959 -0.0030178575708289 -0.0105881583971589
-0.0130000000000006 -0.813600968839002 -0.0135067227319635 -0.000384843282881478
-0.0140000000000006 -0.888856178318677 -0.0196378803866852 -0.0184014497724079
-0.0150000000000007 -0.951440730476266 0.00652216866582222 0.0111531302334736
-0.0160000000000004 -1.01825597500149 0.0219105874478178 0.0135007746326623
-0.0170000000000005 -1.05615991280838 0.0135681804880898 0.0045331496518807
-0.0180000000000005 -1.11719302824746 -0.0280313420680357 0.032009777404181
-0.0190000000000006 -1.19916463565078 -0.0122249204283944 -0.0220013766917996
-0.0200000000000006 -1.24240232337326 0.0198225717750536 -0.00261854102180655
-0.0210000000000007 -1.31050844591127 -0.0115001588633631 -0.00878945925774026
-0.0220000000000004 -1.36642083599711 0.0201875695918544 0.0279781301033721
-0.0230000000000004 -1.43824522919052 0.000153840918400711 -0.0141542417231588
-0.0240000000000005 -1.47113194192451 0.0162703022369765 0.00992265847870677
-0.0250000000000006 -1.57625031645986 -0.0186555059382549 0.0295220697921285
-0.0260000000000006 -1.6403265602337 -0.0333189059000009 0.0232571972600463
-0.0270000000000007 -1.66588293179134 0.0168608416534051 0.00510198341329151
-0.0280000000000004 -1.75378330276035 0.0267307831573868 -0.0442272388802765
-0.0290000000000004 -1.78113114328562 -0.00105059213162866 0.0179546116506654
-0.0300000000000005 -1.86823521056958 -0.0227550980978007 -0.00646394001280344
-0.0310000000000006 -1.91527152370749 0.0351905605290702 -0.0340873895344403
-0.0320000000000006 -1.99593619922309 -0.00236270767493592 -0.0342786112334612
-0.0330000000000007 -2.04928773935162 -0.0132234308856899 0.0420014763528413
-0.0340000000000004 -2.13341327546955 -0.0233253179760344 0.00192536473846242
-0.0350000000000004 -2.1766924394759 -0.00852147962661145 -0.0233019088828505
-0.0360000000000005 -2.19105715122267 0.0335199845873313 0.0205328169841739
-0.0370000000000006 -2.27794710822168 -0.019432996247353 0.00150966985938503
-0.0380000000000006 -2.30708540529291 0.0334895130703692 0.0253972175914537
-0.0390000000000007 -2.40566868356064 -0.0213971218217065 -0.011201529492531
-0.0400000000000004 -2.50196276104311 -0.00783824128836436 -0.0339023670434978
-0.0410000000000004 -2.52826895095239 0.0387505831419251 0.02936300469048
-0.0420000000000005 -2.594571860274 -0.0100504795752949 0.0170570997518242
-0.0430000000000006 -2.65652042055747 0.00691176357608345 0.0217333301502666
-0.0440000000000006 -2.71476180271167 0.0090360707407483 -0.0167798728698325
-0.0450000000000007 -2.7692451850819 0.00768118180670607 -0.00609771409840497
-0.0460000000000004 -2.82477803392327 0.0100068842678512 0.0106166719599941
-0.0470000000000004 -2.91198597383944 -0.0369128189938243 0.00383275116166605
-0.0480000000000005 -2.94337213569945 0.0100923946407076 0.0255386188808643
-0.0490000000000005 -3.06802965446733 -0.0116339088713081 -0.0414915596121241
-0.0500000000000006 -3.06757608575878 0.0382370553772119 0.0304555335042167
-0.0510000000000007 -3.19672245237347 -0.0523563229796565 -0.0293371844460863
-0.0520000000000004 -3.20275580801513 0.0155773279603596 0.0312308794662445
-0.0530000000000004 -3.29291275849047 -0.0318168674108741 -0.0498872371050678
-0.0540000000000005 -3.33063321351534 0.0216470915579938 0.00986171926198872
-0.0550000000000005 -3.41395968256049 -0.00225154694786921 0.038960759063591
-0.0560000000000006 -3.47685109674726 -0.0223574205845909 0.0213015978847764
-0.0570000000000007 -3.49829611912468 0.028931664442654 0.0201962910921007
-0.0580000000000004 -3.61985950137057 -0.0191772846258636 -0.0364838258591291
-0.0590000000000004 -3.65148295248114 -0.0316877964588696 0.000914466142590265
-0.0600000000000005 -3.72583576205564 0.0158865239532322 0.0385111654378286
-0.0610000000000005 -3.83388972770575 -0.0438507316650596 -0.00263375834779106
-0.0620000000000006 -3.85138039553631 0.0568388670526628 0.05815884171924
-0.0630000000000007 -3.97828144515044 -0.0795718418433977 -0.0416637056464956
-0.0640000000000004 -3.95772466782877 0.0676139115706634 0.0452281997272499
-0.0650000000000004 -4.11919150406724 -0.0289719097029474 -0.0769438786085409
-0.0660000000000005 -4.08811771743976 -0.000221683077577835 0.0602422759867342
-0.0670000000000005 -4.20810626856254 -0.0104827422188468 0.00358221685567248
-0.0680000000000006 -4.30086743332825 0.00340663188262176 -0.0413990811798598
-0.0690000000000006 -4.31867037280851 0.0392828706368973 0.00115263512096602
-0.0700000000000004 -4.47656911190802 -0.0766084090945012 -0.0442755160354088
-0.0710000000000004 -4.43850778501696 0.0101467843792151 0.0360312360438986
-0.0720000000000005 -4.58812134922545 -0.0174351375693964 -0.0151297968126469
-0.0730000000000005 -4.61672191988193 0.0329379975959025 -0.00102285832921211
-0.0740000000000006 -4.70684509555088 -0.00965086547189614 0.00144359631687508
-0.0750000000000006 -4.77806235812207 -0.00956957169046542 0.02233683568275
-0.0760000000000003 -4.81857501262537 -0.00627997180356652 0.0230561207757664
-0.0770000000000004 -4.91984237830312 -0.0131881608192747 -0.0623710501723289
-0.0780000000000005 -4.94142610383503 0.0250796939766676 -0.00232032528289094
-0.0790000000000005 -5.05320328172616 -0.0466822051334668 -0.0174147500705288
-0.0800000000000006 -5.06587016030907 -0.00128080933795936 0.00896607025157496
-0.0810000000000006 -5.15459501926406 0.000999610816147793 0.0110171884390128
-0.0820000000000004 -5.22656242936315 -0.0178920635597866 -0.0427960723383582
-0.0830000000000004 -5.19816182967644 0.0193571614897565 0.0338358012411855
-0.0840000000000005 -5.36328650242502 -0.0416228858486848 -0.00772783418010757
-0.0850000000000005 -5.36953498709511 0.00329525769376034 -0.0313429768357244
-0.0860000000000006 -5.43515440914002 0.0188823635461954 0.0270406289976826
-0.0870000000000006 -5.48874830807138 -0.0138142557610887 -0.0292988925351861
-0.0880000000000003 -5.50543658461692 0.00875237636922576 0.065060208513294
-0.0890000000000004 -5.63796934827033 -0.0360417286140008 -0.0274978796248735
-0.0900000000000005 -5.56971346975411 0.00689350315724684 -0.0309667990400084
-0.0910000000000005 -5.65254250513733 0.0603459658598891 0.031170719910405
-0.0920000000000006 -5.81531062270121 -0.101302822568205 -0.0606006962279503
-0.0930000000000006 -5.63125448177407 0.0707296814269986 0.0758132638814341
-0.0940000000000003 -5.82388598566555 0.0036551959156127 -0.0895015857459503
-0.0950000000000004 -5.88461419891008 -0.066594714348513 -0.0319689918062537
-0.0960000000000004 -5.77045383953302 0.0639337122544475 0.0903821209834219
-0.0970000000000005 -5.98035625110096 -0.0515565758201796 -0.0931107212565709
-0.0980000000000006 -5.83179570326093 0.0315055661858594 0.0241949886879599
-0.0990000000000006 -5.92286639397996 -0.0165384000947998 0.0454761888804223
-0.100000000000001 -5.98389836194002 -0.0529866843392017 -0.087275432681244
-0.101 -5.90657481073119 0.0949214031036007 0.0435078816311835
-0.102 -6.05038932447514 -0.087266999111339 -0.0652465868100797
-0.103000000000001 -5.95556161622131 0.049725079758616 0.099464068865786
-0.104000000000001 -6.02190079012388 -0.0285971860328645 -0.0328500860358395
-0.105000000000001 -5.93886963891801 0.0241501194740704 -0.00201437761511924
-0.106 -5.9715050004759 0.0407574282441277 0.0354348198931639
-0.107 -5.92518280709222 -0.0631102597443325 -0.00416820652843207
-0.108 -5.68586437187412 0.0386828987280144 0.0349088178814758
-0.109 -5.51380439675135 -0.0184783956571591 -0.065951825669589
-0.110000000000001 -5.11191583881176 -0.0456852008192861 -0.0795168871830603
-0.111000000000001 -4.58572877901322 0.0273531590596072 0.068554222613411
-0.112000000000001 -4.16578157628682 -0.108621676622281 -0.0272606509784086
-0.113 -3.35235714472181 -0.101840197103494 0.0387478460417373
-0.114 -2.18788428041193 -0.0645062372592107 0.00996412801499861
-0.115 -1.30084193419458 -0.104024995572134 0.146378751840357
-0.116000000000001 -0.783529282992637 -0.255617832362121 0.0867136428211546
-0.117000000000001 -0.179395687992755 -0.0285400486173253 0.0436629731040298
-0.118 -0.000740213163113765 0.0291208823849314 0.0187568255982561
-0.119 -0.30929979817768 -0.110418739839757 0.118563541012954
-0.12 -0.599128500253898 -0.0269273346163481 -0.0311856301329446
-0.121 -0.656608307463393 0.0893507323403445 -0.00783776601316656
-0.122000000000001 -0.920196933555318 -0.0685293597274748 -0.169889952468312
-0.123000000000001 -0.806351145237756 0.0244168415806704 0.128757407246205
-0.124 -0.843535236283623 -0.13213500218616 0.0404770008342882
-0.125 -0.757366703011684 0.00684793297900075 0.0206546861236381
-0.126 -0.745811368521695 -0.0279659546238049 -0.0206747272507226
-0.127 -0.668803941821908 -0.00714598407571039 0.0281111166920334
-0.128000000000001 -0.600679759241851 -0.0025695520583719 0.0406972040242588
-0.129000000000001 -0.668164666453386 -0.00945317684611538 -0.0545721868211385
-0.130000000000001 -0.78418402984073 0.0574762526503497 -0.0180093405597579
-0.131 -0.950682179737089 0.00567907280332498 0.0106032345994508
-0.132 -0.970947241335209 -0.0260850026026417 0.0465746417006417
-0.133 -1.01543856038235 -0.0161385917348951 -0.00802395594425366
-0.134000000000001 -1.09238987128617 0.00358697916008501 -0.0420275431718867
-0.135000000000001 -1.09259547330962 0.0610779091547808 0.0591371913795203
-0.136000000000001 -1.01813700405002 -0.0924289536052968 0.00202023784293641
-0.137 -1.01151614990961 0.027765557000344 0.0265082991188785
-0.138 -1.03583169922376 0.0374980334078878 -0.00152837511429215
-0.139 -1.08391120314363 0.0107921759052982 -0.00379197097281792
-0.140000000000001 -1.07557778628447 0.00344502273270739 0.119683604651884
-0.141000000000001 -1.16625837327907 -0.161901262535865 0.0450246924950587
-0.142 -0.941610999770549 0.0344381387847834 0.0887260767872061
-0.143 -0.948462178409027 -0.081392225717438 0.0713151917558979
-0.144 -0.949995931260273 -0.0519318458744709 0.0447313595171945
-0.145 -0.988026630644774 0.11799952993541 -0.126004932570671
-0.146000000000001 -1.07278963780755 0.111029762184779 -0.106116485006767
-0.147000000000001 -1.14892808989987 -0.0294424490454652 0.00174815736283555
-0.148000000000001 -1.15463522328257 -0.133285343486759 0.11853641474467
-0.149 -1.29073213325771 0.00785261336497629 0.0139961883114209
-0.15 -1.39898441520888 0.0691633655342794 -0.0910086745986715
-0.151 -1.42695452297722 0.0464388476208702 -0.0347720771156869
-0.152000000000001 -1.53708239746085 -0.0536106097144047 0.0424025750120018
-0.153000000000001 -1.64067760151594 -0.042874624070092 0.0149575425524822
-0.154000000000001 -1.69771551232125 0.0417410673830862 -0.0364473310552597
-0.155 -1.76799797231262 0.0409227182640408 -0.0158555413114429
-0.156 -1.84343058499498 0.00732847403437238 0.00595704150801549
-0.157 -1.93372909009975 0.0167187656574671 0.0055168603373145
-0.158000000000001 -2.0257891867284 -0.0047672367777782 -0.00745326558719679
-0.159000000000001 -2.07004779643103 -0.0103502911112852 0.0482284903900726
-0.160000000000001 -2.18640304501248 -0.0263322157182806 -0.0358006781688494
-0.161 -2.23323053953217 0.0153408898087059 -0.0465523015015438
-0.162 -2.29891958990627 0.0362023653324824 -0.0121374551421893
-0.163 -2.41239540246455 -0.0470438772203956 0.00466071822103659
-0.164000000000001 -2.46233088413318 -0.0274024289699899 0.0512151263107235
-0.165000000000001 -2.62246697758225 -0.0244068277487414 -0.0293766173893861
-0.166000000000001 -2.62659903122315 0.0408000543846123 -0.0418576795900229
-0.167 -2.66861148425688 -0.0050772441634975 0.00696530028499699
-0.168 -2.81282962180542 -0.0503901568247373 0.0192210701948005
-0.169 -2.88015801890646 0.0121529159905699 0.0198033466176524
-0.170000000000001 -2.97956411039705 0.0168867038997873 -0.032144651724724
-0.171000000000001 -3.09828036202539 0.0157144585827195 -0.0474835666801322
-0.172000000000001 -3.17017997683466 0.0200703474780568 -0.0019797281408175
-0.173 -3.24664168722318 0.00450070678990065 0.0164943845895614
-0.174 -3.35691878380591 0.010190974875208 0.0108517408744423
-0.175 -3.39410411374033 0.0232297507828984 -0.0691116306117989
-0.176000000000001 -3.48089639323067 0.0373230923809858 0.0535783334905829
-0.177000000000001 -3.64833823426442 -0.0822689061284032 -0.109363350164635
-0.178000000000001 -3.59658197419531 0.131557710539369 0.0538216872425612
-0.179 -3.81137655129407 -0.0136167250598581 -0.0634660664898727
-0.18 -3.84536964319669 -0.018598109044912 0.110347094806474
-0.181 -3.93759577260336 -0.0229637163295038 0.0202462286124984
-0.182 -4.05419369109025 0.0522347367160334 -0.0461776072470366
-0.183000000000001 -4.09574771105182 0.00622207822535107 -0.00366190471312806
-0.184000000000001 -4.21401664387314 -0.0669252041709337 0.00400651518582156
-0.185 -4.28146677298701 -0.0117915965228757 0.0184169531308897
-0.186 -4.38803489924768 0.00206992312918644 -0.0396657520798437
-0.187 -4.45328249977014 0.0190398033536461 -0.0285096355809328
-0.188000000000001 -4.5800695016175 -0.0360754946070185 0.0192168317195778
-0.189000000000001 -4.69490223514428 -0.0796358224993782 0.0136644111968541
-0.190000000000001 -4.66974144274665 0.0750491813882219 -0.00187614432813608
-0.191 -4.86341388537824 0.0235754177702115 -0.0764675962177412
-0.192 -4.87265620079406 0.0358392325365899 0.0880064206851064
-0.193 -4.9625268274279 -0.0798064800984958 -0.0143934172143852
-0.194000000000001 -5.05721529065096 0.00556808879071264 -0.0223323032976361
-0.195000000000001 -5.0954904265413 0.0353439663480942 -0.0011738222772645
-0.196000000000001 -5.25567432973555 0.0110175959364561 0.0112374532762069
-0.197 -5.35891634744323 -0.0326054974192615 0.0176250097719808
-0.198 -5.42062801260312 0.0579205107164731 -0.00501776464221505
-0.199 -5.49181922348718 0.0197333032731019 -0.043647843982891
-0.2 -5.51310719872377 -0.00842037659837854 0.00790206207703107
