# Fix print output for fix def1
1.16899441823366e-15 0.0282348709812019 0.0409578858539935 0.0400582781482606
-0.000999999999998683 -0.109526238406708 -0.0182754931426532 -0.0358156167357937
-0.00199999999999893 -0.115981021119306 0.0330455605961851 0.039790177760424
-0.00299999999999878 -0.265476214948839 -0.0676201237792853 -0.0725080689941413
-0.00399999999999902 -0.240599952085907 0.0527414454857146 0.0376364241039441
-0.00499999999999887 -0.390875846174888 -0.0176432998062292 -0.0312006883913746
-0.00599999999999872 -0.4248590277212 0.0173722907843954 0.0171477110681622
-0.00699999999999897 -0.525490535577334 -0.053845273143412 -0.0562951302372609
-0.00799999999999882 -0.537766144767005 -0.0115016983933772 -0.00955344213021768
-0.00899999999999867 -0.633107330035857 -0.0110810276712807 -0.0244641488625773
-0.00999999999999891 -0.718702282074155 -0.0150865233570676 -0.0117315048590307
-0.0109999999999988 -0.762818474804513 0.00169762264604693 -0.00543350375328733
-0.011999999999999 -0.870783138824551 -0.0326954480109703 -0.0539495435729142
-0.0129999999999989 -0.928833932778995 -0.00216982807496212 0.00439628600381387
-0.0139999999999987 -1.04144025839944 -0.0131728919296649 -0.0292951656699398
-0.014999999999999 -1.11159351026583 0.0349214685430464 0.00276168707599462
-0.0159999999999988 -1.17393541177245 -0.00804676127671673 -0.00591978857795362
-0.0169999999999987 -1.26569123640297 -0.0288914618141157 0.00850922107301263
-0.0179999999999989 -1.31567648944095 0.0201787514179585 0.0264247644428847
-0.0189999999999988 -1.43319965787401 -0.0280927281266209 -0.0559348963194338
-0.019999999999999 -1.44248582869787 0.0486042636417569 0.0548456122503283
-0.0209999999999988 -1.63316783809641 -0.0620691822516844 -0.0348822107639752
-0.0219999999999987 -1.57259885369774 0.0349311244135862 0.0660501599531103
-0.0229999999999989 -1.76165927115422 -0.0248044081133588 -0.0813080356612811
-0.0239999999999988 -1.72871319079038 0.0847373340781799 0.059449475231154
-0.0249999999999988 -1.92988441378246 -0.109056669952992 -0.0736445417234925
-0.0259999999999989 -1.84353061203056 0.0990678629386041 0.115538210540887
-0.0269999999999987 -2.10781312856494 -0.0844545339068895 -0.0843564622311751
-0.027999999999999 -2.04017383055284 0.0685656972368143 0.0759657953532919
-0.0289999999999988 -2.22507195647649 -0.0499568974302276 -0.0303449292248904
-0.0299999999999987 -2.21591286261964 -0.025252632938931 0.0047586109173936
-0.0309999999999989 -2.28540915808666 0.00703794003135922 0.0179177017062293
-0.0319999999999988 -2.39583568661488 -0.0171652014959223 -0.0349908308641046
-0.032999999999999 -2.44962906941864 0.017201093918725 0.00848692230255002
-0.0339999999999989 -2.60843513637073 -0.0386669356663311 -0.00503938630189001
-0.0349999999999987 -2.56831606248052 0.0420316845250017 0.0425011353720911
-0.035999999999999 -2.72383026378641 -0.0606018531983741 -0.0827323730286702
-0.0369999999999988 -2.6831267558427 0.0697009745227105 0.0721787587739565
-0.0379999999999989 -2.90250327632751 -0.0634971934462302 -0.0598822161404087
-0.0389999999999989 -2.88032929459028 -0.00108346631470371 0.00926885771770804
-0.0399999999999988 -2.9548022172544 -0.0323900621764936 0.00949457146755554
-0.040999999999999 -3.07540547394319 -0.0412677024706152 -0.0433612521421559
-0.0419999999999989 -3.02376237961398 0.0742580382860149 0.0708742191836165
-0.0429999999999987 -3.26935338254173 -0.0574769379512672 -0.101562691979642
-0.043999999999999 -3.1622228472242 0.0766528138684744 0.0781425769846184
-0.0449999999999988 -3.37227286608593 -0.102843055739113 -0.0805536437227838
-0.0459999999999989 -3.25787464414679 0.0875094018670406 0.113219851999052
-0.0469999999999989 -3.47981233546919 -0.0619439107564776 -0.0901253437856286
-0.0479999999999988 -3.4091305537875 0.0793289186732807 0.0187463185743235
-0.048999999999999 -3.54988333162956 -0.0252645036160509 -0.0262533668507956
-0.0499999999999989 -3.57397694070553 0.0115913606355024 0.0217384600799917
-0.0509999999999987 -3.64331096466065 -0.0206993611639936 0.00765650043680391
-0.0519999999999989 -3.68279714436202 -0.00564482382223271 -0.00199990429124082
-0.0529999999999988 -3.72093539022391 0.0371382728133376 -0.0187365468943188
-0.053999999999999 -3.79947077582462 -0.0061545237954248 0.0207323580559314
-0.0549999999999989 -3.81784774281141 -0.0173126913995571 -0.00296969465469057
-0.0559999999999987 -3.8365755352135 0.0145099929949772 0.0290365022096016
-0.056999999999999 -3.89525113374879 -0.028215927300351 -0.0190298263858523
-0.0579999999999988 -3.92472027103484 -0.0144019453185921 -0.0303960135482777
-0.0589999999999989 -3.96750724671154 0.00407971136997561 0.00598878705667184
-0.0599999999999989 -4.06220596420347 -0.0213002884135288 -0.0194754697859151
-0.0609999999999988 -4.04411989713837 0.0564385541329233 0.0629231010678697
-0.061999999999999 -4.05165208265469 0.00109360140260339 0.010060527867367
-0.0629999999999989 -4.11440359796211 -0.0245385385368893 -0.0484805767186518
-0.0639999999999987 -4.07978676314367 0.00548530340216027 -7.54950964326762e-05
-0.064999999999999 -4.15402442349006 -0.000217526187666488 -0.0232482510762586
-0.0659999999999988 -4.15644562585868 -0.00739665422030803 -0.00697763268430285
-0.0669999999999989 -4.16949599955902 0.0284090486384123 -0.00057043188073836
-0.0679999999999989 -4.21070427370817 0.00254635657260602 -0.00952772634276554
-0.0689999999999988 -4.15200548602673 0.0514362142237435 0.036197393174935
-0.069999999999999 -4.25531775240594 -0.0492968760876169 -0.0247991686606384
-0.0709999999999989 -4.1611764422449 0.0533280708740324 0.0497452660102844
-0.0719999999999987 -4.33227995323677 -0.0455472665882139 -0.0769463106496533
-0.072999999999999 -4.12391202908248 0.0695344889803335 0.0611622481274274
-0.0739999999999988 -4.25609328157218 -0.0586524182566558 -0.0761046023043477
-0.0749999999999991 -4.13825941459537 0.0157512232193607 0.0468886170699446
-0.0759999999999989 -4.14572772024982 -0.0149586614387791 -0.0314602973758092
-0.0769999999999988 -4.19874324178284 -0.00348403822279467 -0.00314176173293114
-0.077999999999999 -4.15635954082035 0.0288001352575969 0.0674535585074588
-0.0789999999999988 -4.14878880165862 -0.0237270073314356 -0.0560300479499371
-0.0799999999999989 -4.07087273040713 0.0713650085828988 0.0253221355034255
-0.0809999999999989 -4.12536804626523 -0.0697131176401717 -0.0776907732944596
-0.0819999999999988 -3.9914545188119 0.0346722632778421 0.0936862818528921
-0.082999999999999 -4.07566111332624 -0.0990335945972924 -0.090648897135498
-0.0839999999999989 -3.90940829931836 0.0982197407137156 0.0395213798081718
-0.0849999999999987 -4.05290575675529 -0.0170359371154877 -0.0305724837577622
-0.085999999999999 -3.92091963637233 -0.00486616619790616 0.0323584891887896
-0.0869999999999988 -3.78964512156432 0.0495193324782976 0.107180468163503
-0.0879999999999989 -3.83899762025975 -0.0623590346092062 -0.0727083504470523
-0.0889999999999989 -3.6112591467357 0.0762770486339657 0.0489322655817867
-0.0899999999999988 -3.70632260739209 -0.106496366251049 -0.121882597558249
-0.090999999999999 -3.41250223605615 0.0807971504132967 0.105540617610559
-0.0919999999999989 -3.52799953052646 -0.15192431149718 -0.111346594634375
-0.0929999999999989 -3.28469559394971 0.0903622321557702 0.0877449345761336
-0.093999999999999 -3.36105552228516 -0.0527332443454538 -0.0680732577753789
-0.0949999999999988 -3.26432051721765 0.00763585719703886 -0.00446347682287055
-0.0959999999999989 -3.0609655223885 0.0459153013657629 0.0153849993904014
-0.0969999999999989 -3.0804318576169 -0.0837771174112123 -0.0296512097576031
-0.0979999999999988 -2.95284990435872 0.0508123601769728 0.0118262554210244
-0.098999999999999 -2.92374292574505 0.0266586525345795 -0.00238552488861095
-0.0999999999999989 -2.8127240012443 0.0466714407232037 -0.0127410017857987
-0.100999999999999 -2.67669609838091 -0.0108792721455923 -0.0113819578245473
-0.101999999999999 -2.6201122783813 -0.000634678614144102 0.0530262304583728
-0.102999999999999 -2.63628061059192 -0.0492964635102415 -0.0345081275290252
-0.103999999999999 -2.46826261595807 0.0737141373711584 0.081721635425938
-0.104999999999999 -2.55007593780902 -0.0556555091765647 -0.109471465306809
-0.105999999999999 -2.34887731886538 0.0406766863943743 0.0610103332049498
-0.106999999999999 -2.42004365482116 -0.0767590022276971 -0.0197328653656197
-0.107999999999999 -2.31104772769661 0.0529629892381256 0.0250892165346381
-0.108999999999999 -2.41474075246878 0.000802825160114948 -0.0623115883281124
-0.109999999999999 -2.34718408734985 0.0339647579222297 -0.00581872947669504
-0.110999999999999 -2.39055624396451 -0.0504838304228977 0.0319320468469481
-0.111999999999999 -2.36305331114436 -0.071291546738633 -0.0356978555149694
-0.112999999999999 -2.2541950097117 0.140260954855621 0.0200746210650024
-0.113999999999999 -2.3911721446132 -0.0512130974070101 -0.115108595736929
-0.114999999999999 -2.20837418531492 0.0358968986309006 0.138167261862986
-0.115999999999999 -2.32245474126809 -0.115294193185472 -0.0565559724588465
-0.116999999999999 -2.08023828295752 0.141377423005269 0.0442920331190623
-0.117999999999999 -2.20957626596953 0.004811485960954 -0.0370151437053378
-0.118999999999999 -2.11160106505136 -0.0811572391048078 -2.46214133591163e-05
-0.119999999999999 -1.94390408676426 0.00331210400311146 0.0541396338073018
-0.120999999999999 -1.90339267144359 -0.0142316850775651 -0.0922127213086007
-0.121999999999999 -1.81988427601418 0.0976979662440779 0.0354267917713043
-0.122999999999999 -1.88230618262931 -0.127826672678365 -0.0726261425772658
-0.123999999999999 -1.70548167824967 0.0232315512060105 0.184757805840118
-0.124999999999999 -1.91848390083342 -0.0538656122601627 -0.10348754358733
-0.125999999999999 -1.76685122040606 0.118831643785163 -0.0768530759038728
-0.126999999999999 -1.84300357515728 -0.117291465564185 0.00337163184613345
-0.127999999999999 -1.76997745947052 -0.0592510535706109 0.0640791960964266
-0.128999999999999 -1.7291928680251 0.0548718910876771 -0.105697089951
-0.129999999999999 -1.66381023624746 0.0287142782377409 -0.0156859530520278
-0.130999999999999 -1.66875527614796 -0.0811207200569343 0.0896137188381322
-0.131999999999999 -1.73418950737675 -0.0103311984258424 -0.0348995715251742
-0.132999999999999 -1.59909355694769 0.0361558754583065 0.00321029374083433
-0.133999999999999 -1.78722614327052 -0.0437503067692048 -0.0142732859981474
-0.134999999999999 -1.8559800985668 0.00990948099298063 0.0836534418743541
-0.135999999999999 -2.16409941389539 -0.0234107323530804 -0.0981308000201019
-0.136999999999999 -2.06431930186957 0.0346466838254791 0.0299506767911814
-0.137999999999999 -1.97927002017798 -0.0221860054483643 0.0162880700385207
-0.138999999999999 -2.06739953825375 -0.0126829182209531 -0.00504246481929718
-0.139999999999999 -2.2349578973748 0.0458707676052332 0.0193964807601003
-0.140999999999999 -2.38549651161645 -0.122784233510602 -0.158369664842558
-0.141999999999999 -1.95885443540345 0.0589828657968344 0.108208738848425
-0.142999999999999 -1.94055157364631 -0.10355454397526 -0.0489680412775995
-0.143999999999999 -1.65022683118863 0.0950275702227408 -0.0198184532470719
-0.144999999999999 -1.90783536068279 0.0148220629369739 -0.0598088681034568
-0.145999999999999 -2.08504133617582 -0.085444459761291 0.00879895297185856
-0.146999999999999 -1.89799588031924 0.0210358962876636 0.0842275504459531
-0.147999999999999 -1.57375438031918 -0.0274019269998067 -0.0650960835071141
-0.148999999999999 -1.22877912785806 0.0517597829254946 0.0548975245219041
-0.149999999999999 -1.3771129270158 -0.0628658159638514 -0.0021822619780221
-0.150999999999999 -1.36562747194339 0.0268924431854376 0.0794330355386319
-0.151999999999999 -1.51264601848766 0.0103353585357528 -0.120333774623782
-0.152999999999999 -1.5975717595403 0.0190210692878768 0.100376571262993
-0.153999999999999 -1.6345163384496 -0.0843322297275039 -0.0688786541374365
-0.154999999999999 -1.49357608758996 0.0500633665135648 0.0565482697746642
-0.155999999999999 -1.50023886983349 -0.0417105401658994 -0.0441961022394447
-0.156999999999999 -1.51968184892584 0.0736996765580789 0.0465458040928309
-0.157999999999999 -1.81709772669342 -0.119223166351032 0.00554630174089714
-0.158999999999999 -1.93977867602684 0.0584284489927746 0.0219190393015699
-0.159999999999999 -2.12268892994882 -0.105033474890863 -0.0108964435477432
-0.160999999999999 -1.98208756454974 0.0363162083468595 0.10329576738595
-0.161999999999999 -1.99249144281153 -0.0588110911089236 -0.00611238001313773
-0.162999999999999 -2.10101864119069 0.01944695617749 -0.00639087909054901
-0.163999999999999 -2.13143766580962 -0.0587587636384984 0.00384125785548396
-0.164999999999999 -2.10115406103739 -0.106893452996371 0.0984108804146564
-0.165999999999999 -2.01486640649195 -0.0247023897800911 0.000158750854593339
-0.166999999999999 -2.05245754642247 0.0149098079694403 -0.0434590219387311
-0.167999999999999 -2.00741708949165 -0.136707067430357 0.0421414001389712
-0.168999999999999 -1.85202995033698 0.170622873410325 0.0229005091939889
-0.169999999999999 -2.3255794700955 0.014832835082999 -0.173549130357296
-0.170999999999999 -2.33831428702024 -0.0693287270346765 0.188880083496088
-0.171999999999999 -2.37050216913681 -0.0714490537096104 0.0888748165584221
-0.172999999999999 -2.34970797335413 0.0815821306807915 -0.0666288052930214
-0.173999999999999 -2.44306774877664 0.0924700694364153 -0.144740887735128
-0.174999999999999 -2.55399850023996 0.0328140043910128 0.0223804044421051
-0.175999999999999 -2.7737999901214 -0.0801266707558862 0.0424248995741446
-0.176999999999999 -2.9781403646832 -0.0345708406021974 -0.0296132409003803
-0.177999999999999 -2.92064822541751 -0.0121992088961743 -0.0705193667374421
-0.178999999999999 -2.71206159121542 -0.03353032111541 0.153666423247945
-0.179999999999999 -2.92655862101886 -0.000665222718832594 -0.0325318600696182
-0.180999999999999 -3.09354782037319 0.088315586450577 -0.0607830877153862
-0.181999999999999 -3.08852456043789 -0.0383455465488199 -0.0993790491513936
-0.182999999999999 -2.88618681126807 -0.0216717808637224 0.141798044541678
-0.183999999999999 -3.04926148548764 -0.0842080950655603 -0.0254415433364607
-0.184999999999999 -3.11061150184221 0.0280175522036043 0.0151232833842532
-0.185999999999999 -3.27535596447634 0.0368266534668111 -0.058756015276059
-0.186999999999999 -3.18931412913728 -0.0340200904073813 0.00223988977306001
-0.187999999999999 -3.32789874320179 -0.0387895416530442 0.180060807626907
-0.188999999999999 -3.6783076362048 -0.172632235097654 0.0312554200582159
-0.189999999999999 -3.70774265785874 -0.02272279930337 0.100903619606769
-0.190999999999999 -3.86837246716869 0.063471906995342 -0.169225202004879
-0.191999999999999 -4.04813445332424 0.154941344834573 -0.188987233123355
-0.192999999999999 -3.93941540761431 0.0019252171314414 0.0566965204840921
-0.193999999999999 -3.95949962028445 -0.158157189239345 0.146287227549959
-0.194999999999999 -3.98283576571315 0.000523628294005215 -0.00331510485048212
-0.195999999999999 -3.9232996285933 0.0607356509162711 -0.124764055387452
-0.196999999999999 -3.86196624323966 -0.0055650801532854 0.0256279085370092
-0.197999999999999 -4.00475550159085 -0.123361204248106 0.0695140725118936
-0.198999999999999 -4.03444551671121 0.0113859498996159 -0.0216050302188232
-0.199999999999999 -4.24536664707604 0.042316134934305 -0.0955061544973899
