# Fix print output for fix def1
1.99214693043035e-16 0.966817494359324 -1.3550017361904 0.0183599526005027
-0.000999999999999681 1.44864668476353 0.840251016436591 0.146719828566944
-0.00199999999999976 0.738592946032225 -0.436650472668272 -0.264336774447725
-0.00299999999999964 0.935461899370934 0.127124360682848 0.0466462652366928
-0.00399999999999972 0.897300966664799 -0.0657878289344837 -0.190816069203864
-0.0049999999999996 0.794380574746643 -0.0383521309568693 0.0237438353670401
-0.00599999999999968 0.875693816689407 0.105738810786876 0.0234967362852616
-0.00699999999999976 1.06538342349255 -0.121491856437425 0.0297330768227117
-0.00799999999999964 1.15187593558367 0.0286498617376284 0.0360498991216226
-0.00899999999999972 1.04067996151781 -0.0478057299909775 -0.000604618076079151
-0.0099999999999998 1.12720709165258 -0.0216171664390978 -0.075414390700119
-0.0109999999999997 0.988777629548296 0.124272345950946 -0.0083221933274474
-0.0119999999999998 1.00060894093644 -0.180997342010857 -0.0568842265669177
-0.0129999999999996 1.0563885286228 0.0338113526675661 -0.0573751196093055
-0.0139999999999997 1.04183094943621 0.135379897098679 0.110227361851428
-0.0149999999999996 0.78775472158573 -0.177451413839283 -0.254859587188033
-0.0159999999999997 1.06438554443822 0.32596694735489 0.0991278271024351
-0.0169999999999998 0.988325957148819 -0.210847652843154 0.0151718839368007
-0.0179999999999996 0.919365269101157 0.0568450555924735 -0.143693134285655
-0.0189999999999997 0.878042081618762 0.0437238111948349 -0.108855013775673
-0.0199999999999998 1.02561746036129 -0.153071737053292 0.250508303537196
-0.0209999999999997 0.885991356099296 0.267832741365783 -0.279298284596948
-0.0219999999999998 0.652932784591816 -0.160486578968385 0.105782867187444
-0.0229999999999996 0.470233278114758 -0.0610335145441134 -0.0543496254671973
-0.0239999999999997 0.668852265757633 0.0925336799728945 -0.154072455449945
-0.0249999999999996 0.663437352378416 -0.0936663350689354 0.0578584509911071
-0.0259999999999997 0.757746821853439 0.229478317254529 0.0490015596995747
-0.0269999999999998 0.568602819653818 -0.252816066254401 0.0259837484955238
-0.0279999999999996 0.760463723426304 0.281507973776873 0.0942892057473941
-0.0289999999999997 0.578833754259739 -0.271193206470227 -0.144846759390299
-0.0299999999999998 0.937904809335723 0.085933413487379 0.148543648372769
-0.0309999999999997 0.801909337812141 -0.157283593777284 -0.156133386531807
-0.0319999999999998 1.14589444988368 0.263631115621868 0.134014526061703
-0.0329999999999996 1.04742473092984 -0.146634261861444 0.047047514490924
-0.0339999999999997 0.980278440222755 0.0337428910117423 0.00280399993261203
-0.0349999999999996 0.998474585537962 0.145004450137315 0.0479309507744976
-0.0359999999999997 0.754825265826826 -0.283478205389218 -0.0663698983504724
-0.0369999999999998 0.879925700433927 0.253199744785864 -0.00420070858731779
-0.0379999999999996 0.88409755102744 -0.161499713716269 0.0172659100662767
-0.0389999999999997 0.963010881139747 0.0326154903012493 0.00361446850876412
-0.0399999999999998 0.568324654619981 -0.14709864971975 -0.257286487550583
-0.0409999999999997 0.890585155415803 0.0632161145266139 0.180591092495505
-0.0419999999999998 0.530376925530718 -0.0890466162157059 -0.224675056921853
-0.0429999999999996 0.774541384511811 0.047235936076879 0.0904883122619599
-0.0439999999999997 0.739779558272542 -0.0218164498092442 -0.19729269016035
-0.0449999999999998 0.996953505544231 -0.167803927887489 0.211540087328436
-0.0459999999999997 1.01264880968638 0.0572016418417654 -0.22558320850614
-0.0469999999999998 1.11214791511788 -0.094188172632949 0.0120885374579846
-0.0479999999999996 1.53507099130891 0.0152515153262245 -0.0343872307274423
-0.0489999999999997 1.75555260850304 -0.0230537616800314 -0.22453017984017
-0.0499999999999998 2.25025463434753 0.0509777766840964 0.172813023801589
-0.0509999999999997 2.48531066562559 0.160650194525019 -0.0532644245868716
-0.0519999999999997 2.85581970114609 -0.00775821714130734 0.103747196373333
-0.0529999999999998 2.76579436387868 -0.0569936332868595 -0.163287297119629
-0.0539999999999997 2.86479904568804 -0.0184098571090502 -0.0977316054483276
-0.0549999999999998 2.7974649082918 -0.020520584485944 0.0495302714756993
-0.0559999999999997 2.55673545059944 0.0343307529656617 -0.119570468325353
-0.0569999999999998 2.63892884194456 0.108312562561262 0.211652737175222
-0.0579999999999996 2.14696517511094 -0.172837838650871 -0.121379395061416
-0.0589999999999997 2.08126760097436 0.207316974447607 0.117389510370791
-0.0599999999999998 1.78101824469074 0.0202047985349405 -0.0506208344091248
-0.0609999999999997 1.65510505766812 0.0784248696171491 -0.00214054203412107
-0.0619999999999997 1.63382658208843 0.074415668394676 -0.0448781339243875
-0.0629999999999998 1.41435291958593 -0.114265204438477 -0.00645131144825967
-0.0639999999999997 1.30126846156782 0.0977484496310843 -0.0324593182211711
-0.0649999999999998 1.16567341204763 0.0761557687498317 0.180587993551078
-0.0659999999999997 0.7371114102267 -0.24434205524922 -0.155458930478041
-0.0669999999999998 0.869631069920593 0.18640562128696 -0.111629112871557
-0.0679999999999996 0.607966589242959 -0.183406092362725 0.188888598346082
-0.0689999999999997 0.30651580403328 -0.0220945469314217 -0.153047675511953
-0.0699999999999998 0.279704648758928 -0.0372101800101158 0.220825971998025
-0.0709999999999997 -0.0777212751988635 -0.0493621069927165 -0.129054015898315
-0.0719999999999997 -0.018941350733154 0.0768540392856085 0.0721242078002807
-0.0729999999999998 -0.180341444441136 -0.0586188327604534 0.147194462897803
-0.0739999999999997 -0.476252861687637 -0.116179216933173 -0.0575259593203241
-0.0749999999999998 -0.406547693747949 0.21638861515377 0.116634023817979
-0.0759999999999997 -0.935292016660244 -0.258113431884276 -0.100485941168682
-0.0769999999999997 -0.96160406619144 0.0649052809104756 0.0285378414874445
-0.0779999999999996 -1.13593183248787 -0.0623463572956319 -0.000666146279674488
-0.0789999999999997 -1.21733802515824 0.144988286564139 0.0877886884497883
-0.0799999999999998 -1.38619671119684 0.0214297617930251 -0.109490695737541
-0.0809999999999997 -1.63247115743768 -0.0628898209225211 0.00162433580871833
-0.0819999999999997 -1.6724158735155 0.0477228121735591 -0.0451210187681902
-0.0829999999999998 -1.9519201820937 -0.146520829850455 -0.103551507043589
-0.0839999999999997 -2.05313290094298 0.0408955388318414 0.14463162492422
-0.0849999999999998 -2.26393084973085 0.083350432191662 -0.18643348777097
-0.0859999999999997 -2.38863454986226 -0.0662123911727323 0.2822517294513
-0.0869999999999997 -2.57242505441048 0.240631076830943 -0.193224976224887
-0.0879999999999996 -2.77988647515582 -0.236920755253666 0.210292179131171
-0.0889999999999997 -2.77442465189204 0.20223762868514 -0.131890757061175
-0.0899999999999998 -3.05227993648943 -0.115010658575872 0.145601714634784
-0.0909999999999997 -3.28425060901923 -0.0100205019540882 -0.199120788226574
-0.0919999999999997 -3.14242276777389 0.0105531920378501 0.136448045818192
-0.0929999999999998 -3.56528111026276 -0.174821305780288 -0.0838657282956574
-0.0939999999999997 -3.64473714506325 0.101411765911349 -0.127605651044147
-0.0949999999999998 -3.86227433100794 -0.138379643454968 0.0465622253434101
-0.0959999999999997 -3.92236002278575 0.109293877629206 0.0157159912747197
-0.0969999999999997 -4.21620822930344 -0.112888603227407 -0.121215988470214
-0.0979999999999998 -4.18968188807037 0.104273037460403 -0.00537888418216644
-0.0989999999999997 -4.46420497953276 -0.0896484415045403 -0.110229437428553
-0.0999999999999998 -4.47740487120881 0.167261442696792 0.180311285760872
-0.101 -4.75615822103269 0.0461449635375431 -0.272473823300002
-0.102 -4.73647622940367 -0.00665946422143122 0.238055937342482
-0.103 -4.91182016210084 0.155565187418593 -0.168278857342738
-0.104 -5.18906704945106 -0.236911057603058 -0.0451795043345258
-0.105 -4.93231907179706 0.40530683923401 0.152018069961193
-0.106 -5.54318261678099 -0.253662911731023 -0.254722145748119
-0.107 -5.39978906405309 -0.0141262345947224 0.0968517236263092
-0.108 -5.67647386414692 0.00408627210976555 -0.196731923463127
-0.109 -5.62327985002988 0.0203741757770607 0.147640213447592
-0.11 -5.94171333984548 -0.144703822321441 -0.1084402570735
-0.111 -5.90573342829306 0.188654778269752 0.00623511951025249
-0.112 -5.94949822381526 0.154281878578193 0.109948635326915
-0.113 -6.35855899931274 -0.359588315567054 -0.0254114839968641
-0.114 -6.23399275278517 0.327982760781508 -0.0738199065579326
-0.115 -6.64761604791798 -0.363533151892316 0.00976982694473254
-0.116 -6.42161683269359 0.31582877489511 0.0551911262361912
-0.117 -6.76855824451553 -0.142306552590271 -0.16422445181224
-0.118 -6.61261398598181 -0.0661154429300967 0.341703625407268
-0.119 -7.08404243283315 0.0596368841479764 -0.410172844942531
-0.12 -7.00255567352627 -0.00113227724020208 0.16419846574991
-0.121 -7.24371627064491 -0.113654475074027 -0.232017159021136
-0.122 -7.12899043845637 0.163541951258034 0.0658195171791892
-0.123 -7.25290806965901 -0.0544949139011534 0.0838047861894592
-0.124 -7.4207484171591 -0.067505023741076 0.00558800346177342
-0.125 -7.51120243715557 0.0168987578627582 0.0458160558463598
-0.126 -7.51033814813636 0.0333929385543693 -0.0213998971383169
-0.127 -7.56604425632095 -0.058437715585735 -0.15318363213602
-0.128 -7.65257166256323 -0.0116721240600855 0.0530563366103604
-0.129 -7.86557910477091 0.0045418818272395 -0.067609235995861
-0.13 -7.84739391114798 0.0238736934725479 0.153717289308555
-0.131 -7.96638929671512 -0.145177719517138 -0.196143200372294
-0.132 -8.02797409720262 0.0397518401828884 0.151493466892707
-0.133 -8.16705273503828 -0.0665350798644156 0.0169962732083631
-0.134 -8.03506933272625 0.0721945952221615 0.0590077582335335
-0.135 -8.14576228605843 -0.0671922398608517 -0.0650818892422308
-0.136 -8.17009049967559 -0.0346189839683488 0.0870168543380879
-0.137 -8.19330484581566 0.167664807005753 -0.0303253172668238
-0.138 -8.34420799246902 -0.137236813030988 -0.0345375528899946
-0.139 -8.14719366384896 0.150379271981479 0.178150738630457
-0.14 -8.26120748873909 -0.0324539926332838 -0.140982535309855
-0.141 -8.30685278200708 -0.141513217797641 -0.0732034729225888
-0.142 -8.11048006792019 0.182035307970726 0.10114749957843
-0.143 -8.22969512603248 -0.258305249167849 -0.00765935318492167
-0.144 -8.23612475669917 0.192136398333396 0.0304141784267855
-0.145 -8.13721631707287 -0.177049476489246 0.0246691698457483
-0.146 -8.20624945261761 -0.0627664909596669 -0.0861177538217919
-0.147 -7.95431856384527 0.16144785389782 0.334380723732659
-0.148 -8.15384969312296 -0.234369476615763 -0.138228502757944
-0.149 -7.99832088038776 0.115146482366125 0.0244159784836101
-0.15 -7.91050699145047 -0.037606880267698 0.162587422659976
-0.151 -7.86668368904628 -0.0377157488021311 -0.093198913261239
-0.152 -7.83021479519901 -0.0500401132922589 0.155908917362125
-0.153 -7.88244111524703 0.0886804330573984 -0.0572916402643998
-0.154 -7.7384575516938 -0.143143972628128 0.0147885402494599
-0.155 -7.64281651731242 0.041263355625145 0.0418870666943998
-0.156 -7.46914447622371 0.0477215023982792 0.17728186989357
-0.157 -7.57810286983523 -0.160043568529278 -0.106481118389431
-0.158 -7.50100822906485 0.0909562871616222 0.132896643849049
-0.159 -7.66182003554273 -0.289404444400926 -0.0754027375280458
-0.16 -7.39735397771013 0.296782451960578 -0.33045633850958
-0.161 -7.07899966360434 -0.124916610867869 0.301703492606034
-0.162 -7.20139654490366 0.119821674186284 -0.254883759025763
-0.163 -6.97754125328392 -0.0155625484617909 0.199040830517176
-0.164 -6.95246051393234 0.269017517512044 -0.120856378178482
-0.165 -6.84778954152293 -0.0187988234311651 0.0686802772247909
-0.166 -7.14898649125978 -0.0133496579916448 -0.0638820127039789
-0.167 -7.17762358568528 -0.0932689919507643 0.0107125027727457
-0.168 -7.26259950710782 0.0653911430707694 -0.138303773250465
-0.169 -7.24148582370514 -0.0331170363521655 0.10240045570306
-0.17 -7.30550352370149 -0.0352564606621827 -0.200685882865385
-0.171 -7.38362255846733 -0.0877963017538994 -0.00953324591672069
-0.172 -7.30065612936619 0.145938311127106 0.0905430337856043
-0.173 -7.6979399185052 -0.261491303419489 -0.395221133303715
-0.174 -7.26795285243116 0.155622546849126 0.213426752632605
-0.175 -7.32132858101963 0.0190375220752324 0.141455765376134
-0.176 -7.28735477639597 -0.248108793200225 -0.075898829210329
-0.177 -7.34357414666194 0.104497060135611 0.0827109015225367
-0.178 -7.05079298614824 0.151759491052975 0.2520946431303
-0.179 -7.25610239773597 -0.148196007536918 -0.222511509942545
-0.18 -6.88192546666766 -0.00807786526973633 0.280510862827306
-0.181 -7.23210119251248 -0.052582433484611 -0.207820810095471
-0.182 -6.84178893738607 -0.0907553195868702 0.0992853093094918
-0.183 -6.68660461263521 0.0137634029083074 -0.253290699915543
-0.184 -6.84029131704002 -0.0310013003223776 0.207285440011104
-0.185 -6.64086052647402 0.0499466210252841 -0.119213765397309
-0.186 -6.69722729289517 -0.215545719852734 -0.0432269885428886
-0.187 -6.46320260421694 0.203299375606235 0.0375098978421853
-0.188 -6.74253477020092 0.0434731953938711 -0.0921567557814626
-0.189 -6.76932037835843 0.0654937181932968 -0.0971510361239744
-0.19 -6.77415563310797 0.104472354628684 0.0701026236929319
-0.191 -7.09199613186276 -0.370656836048827 -0.222178701561975
-0.192 -6.6518588867309 0.154420715329865 0.16742201626234
-0.193 -6.85772126507056 -0.0300376675805561 0.0695931855552792
-0.194 -6.77115076151108 -0.124043944582966 -0.129321413704477
-0.195 -6.54544481909912 0.0521140390979998 0.289877466308117
-0.196 -6.84607120682749 -0.165598589968644 -0.24908481757643
-0.197 -6.79394311690598 0.199296214732812 -0.0085641423789642
-0.198 -6.83276893310452 -0.179387437228479 0.0431419435815494
-0.199 -6.59951154280113 0.337262067941158 0.135113927357383
-0.2 -6.87245206246055 -0.164958050278745 0.0957981446303619
